4294967294,0
107,1089
107,1088
107,1024
107,964
107,963
107,962
107,961
107,960
107,903
107,902
107,901
107,900
107,899
107,898
107,897
107,896
107,776
107,775
107,774
107,773
107,772
107,771
107,770
107,769
107,705
107,704
107,642
107,576
107,514
107,512
107,449
107,384
107,256
107,196
107,193
107,161
107,141
107,130
107,104
107,79
107,32
107,1304
107,40
107,6
4294967278,210
4294967279,211
4294967278,209
4294967279,210
4294967294,30
4294967294,160
4294967294,183
4294967294,164
4294967294,168
4294967294,163
4294967294,149
4294967294,148
4294967294,146
4294967294,145
4294967294,140
4294967294,1087
4294967294,1062
4294967294,1060
4294967294,1059
4294967294,1058
4294967294,1057
4294967294,60
4294967294,93
4294967294,95
4294967294,1086
4294967278,208
4294967294,67
4294967294,92
4294967294,88
4294967294,104
4294967294,106
4294967294,166
4294967294,24
4294967294,189
4294967294,384
4294967294,190
4294967294,1418
4294967294,427
115,18
107,2256
107,2257
107,2255
107,2252
107,2250
116,9
115,19
115,56
108,42
112,5
104,5
104,2
104,4
119,138
119,139
119,146
119,134
119,145
119,131
119,144
119,129
119,143
119,61
119,56
119,142
119,48
119,141
119,40
119,33
119,140
119,27
119,19
119,15
119,150
119,14
119,6
119,147
119,148
119,149
119,137
119,135
119,132
119,133
119,136
119,63
119,128
119,130
119,60
119,62
119,53
119,54
119,43
119,45
119,38
119,49
119,31
119,34
119,23
119,25
119,17
119,13
119,12
119,5
119,2
118,14
118,13
118,6
118,12
118,11
118,5
118,2
4294967294,1422
107,728
107,727
107,726
107,725
107,724
107,723
107,722
107,721
108,49
4294967279,205
4294967294,27
4294967294,1421
4294967294,1425
4294967294,7
4294967294,6
117,5
117,2
107,717
107,716
107,715
107,714
107,713
108,50
4294967294,5
106,15
106,12
106,11
106,10
106,2
106,0
4294967278,202
4294967279,203
107,2251
107,2253
107,735
107,734
107,733
107,732
107,731
107,730
107,729
107,720
107,719
107,718
107,712
107,711
107,710
107,709
107,708
107,707
107,703
107,702
107,701
107,700
107,699
107,698
107,697
107,696
107,695
107,694
107,693
107,692
107,691
107,690
107,689
107,688
107,687
107,686
107,685
107,684
107,683
107,681
107,682
107,680
107,679
107,678
107,677
107,676
107,675
107,674
107,673
107,672
107,671
107,670
107,669
107,668
107,667
107,666
107,706
107,54
107,49
109,8
109,7
109,6
109,11
109,4
110,6
107,768
107,609
107,608
107,641
107,595
107,594
107,640
107,57
107,58
109,10
108,44
108,51
108,41
108,5
109,9
109,5
110,5
116,5
116,8
116,4
107,9
107,8
115,11
115,55
115,6
115,59
115,58
115,5
107,7
107,4
107,41
107,5
108,43
108,6
106,13
106,7
113,14
4294967278,201
113,13
113,5
4294967279,463
113,11
113,6
4294967278,200
106,6
4294967278,199
106,14
106,9
106,8
106,4
106,5
119,87
119,86
119,85
119,84
119,83
119,82
119,81
119,80
119,79
119,78
119,77
119,76
119,75
119,74
119,73
119,72
119,71
119,70
119,69
119,68
119,67
119,66
119,65
119,64
119,59
119,58
119,57
119,55
119,52
119,51
119,50
119,47
119,46
119,44
119,42
119,41
119,39
119,37
119,36
119,35
119,32
119,30
119,29
119,28
119,26
119,24
119,22
119,21
119,88
119,20
119,18
119,16
119,11
119,10
119,9
119,8
119,7
119,4
4294967278,197
4294967279,198
4294967278,196
4294967279,197
4294967278,195
118,10
118,9
118,8
118,7
118,4
4294967279,196
4294967278,194
4294967279,195
4294967278,193
4294967279,194
117,4
4294967278,192
4294967279,193
4294967294,1424
4294967294,492
115,73
4294967279,468
115,72
4294967279,461
4294967279,460
4294967279,459
115,71
115,70
115,69
115,68
115,67
115,66
115,65
115,64
115,53
115,52
115,49
115,46
115,45
115,42
115,41
115,40
115,39
115,38
4294967279,174
4294967279,467
115,37
115,36
115,34
115,33
115,30
115,29
4294967279,466
115,28
115,27
115,26
115,23
115,22
4294967279,441
4294967278,405
4294967279,412
4294967278,353
4294967279,138
4294967278,137
4294967279,278
4294967278,287
4294967279,277
4294967278,275
4294967279,276
4294967278,352
115,21
4294967278,388
4294967279,420
4294967278,284
4294967279,419
4294967278,404
4294967279,418
4294967278,342
4294967279,411
4294967278,341
4294967278,403
4294967278,267
4294967279,417
4294967278,356
4294967279,288
4294967279,268
115,20
4294967278,285
4294967279,438
4294967278,390
4294967279,286
4294967279,447
4294967278,262
4294967279,440
4294967278,385
4294967279,392
4294967278,323
4294967279,391
4294967278,322
4294967279,390
4294967278,321
4294967279,389
4294967278,320
115,4
4294967279,387
4294967278,318
4294967279,386
4294967278,402
4294967279,319
4294967278,314
4294967279,318
4294967278,313
4294967279,317
4294967278,312
4294967279,316
4294967278,311
4294967279,444
4294967278,310
4294967279,314
4294967278,309
4294967279,313
4294967278,308
4294967279,312
4294967278,307
4294967279,311
4294967278,306
4294967279,309
4294967278,304
4294967279,308
4294967278,303
4294967279,307
4294967278,302
4294967279,306
4294967278,301
4294967293,131
4294967293,130
4294967293,129
4294967293,128
4294967293,127
4294967293,126
4294967293,125
4294967293,124
4294967293,123
4294967293,122
4294967293,121
4294967293,120
4294967293,119
4294967293,118
4294967293,117
4294967293,116
4294967293,115
4294967293,114
4294967293,113
4294967293,112
4294967293,111
4294967293,110
4294967293,109
4294967293,108
4294967293,107
4294967293,106
4294967293,105
4294967293,104
4294967293,103
4294967293,102
4294967293,101
4294967293,100
4294967293,99
4294967293,98
4294967293,97
4294967293,96
4294967293,95
4294967293,94
4294967293,93
4294967293,92
4294967293,91
4294967293,90
4294967293,89
4294967293,87
4294967293,86
4294967293,85
4294967293,84
4294967293,83
4294967293,82
4294967293,81
4294967293,80
4294967293,79
4294967293,78
4294967293,77
4294967293,76
4294967293,75
4294967293,74
4294967293,73
4294967293,72
4294967293,71
4294967293,70
4294967293,69
4294967293,68
4294967293,67
4294967293,66
4294967293,65
4294967293,64
4294967293,63
4294967293,62
4294967293,61
4294967293,60
4294967293,59
4294967293,58
4294967293,57
4294967293,56
4294967293,55
4294967293,54
4294967293,53
4294967293,52
4294967293,51
4294967293,50
4294967293,49
4294967293,48
4294967293,47
4294967293,46
4294967293,45
4294967293,44
4294967293,43
4294967293,42
4294967293,41
4294967293,40
4294967293,39
4294967293,38
4294967293,37
4294967293,36
4294967293,35
4294967293,34
4294967293,33
4294967293,32
4294967293,31
4294967293,30
4294967293,29
4294967293,28
4294967293,27
4294967293,26
4294967293,25
4294967293,24
4294967293,23
4294967293,22
4294967293,21
4294967293,20
4294967293,19
4294967293,18
4294967293,17
4294967293,16
4294967293,15
4294967293,14
4294967293,13
4294967293,12
4294967293,11
4294967293,10
4294967293,9
4294967293,8
4294967293,7
4294967293,6
4294967293,5
4294967293,4
4294967293,3
4294967278,95
4294967278,94
4294967278,93
4294967278,92
4294967278,319
4294967278,91
4294967278,90
4294967278,317
4294967278,89
4294967278,316
4294967278,87
4294967278,315
4294967278,86
4294967278,85
4294967278,84
4294967278,83
4294967278,82
4294967278,81
4294967278,80
4294967278,79
4294967278,78
4294967278,77
4294967278,305
4294967278,76
4294967278,75
4294967278,74
4294967278,73
4294967278,72
4294967278,288
4294967278,28
4294967278,343
4294967278,27
4294967278,26
4294967278,25
4294967278,24
4294967278,23
4294967278,22
4294967278,21
4294967278,20
4294967278,18
4294967278,17
4294967278,260
4294967278,283
4294967278,16
4294967278,15
4294967278,14
4294967278,12
4294967278,11
4294967278,279
4294967278,10
4294967278,9
4294967278,8
4294967279,96
4294967279,95
4294967279,94
4294967279,93
4294967279,388
4294967279,92
4294967279,91
4294967279,90
4294967279,385
4294967279,89
4294967279,384
4294967279,87
4294967279,86
4294967279,85
4294967279,84
4294967279,83
4294967279,82
4294967279,81
4294967279,80
4294967279,79
4294967279,78
4294967279,77
4294967279,76
4294967279,75
4294967279,74
4294967279,73
4294967279,72
4294967279,29
4294967279,413
4294967279,28
4294967279,27
4294967279,26
4294967279,25
4294967279,24
4294967279,23
4294967279,134
4294967279,22
4294967279,21
4294967279,20
4294967279,19
4294967279,18
4294967279,289
4294967279,17
4294967279,409
4294967279,16
4294967279,15
4294967279,14
4294967279,13
4294967279,12
4294967279,11
4294967279,9
4294967279,260
4294967279,305
4294967278,71
4294967278,300
4294967279,71
4294967279,304
4294967278,70
4294967278,299
4294967279,70
4294967279,303
4294967278,69
4294967278,298
4294967279,69
4294967279,302
4294967278,68
4294967278,297
4294967279,68
4294967279,301
4294967278,67
4294967278,296
4294967279,67
4294967279,300
4294967278,66
4294967278,295
4294967279,66
4294967279,299
4294967278,65
4294967278,294
4294967279,65
4294967279,298
4294967278,64
4294967278,293
4294967279,64
4294967279,297
4294967278,63
4294967278,292
4294967279,63
4294967279,296
4294967278,62
4294967278,291
4294967279,62
4294967279,295
4294967278,61
4294967278,389
4294967279,61
4294967279,456
4294967278,60
4294967278,392
4294967279,60
4294967279,425
4294967278,59
4294967278,395
4294967279,59
4294967279,294
4294967278,58
4294967278,361
4294967279,58
4294967279,284
4294967278,57
4294967278,394
4294967279,57
4294967279,455
4294967278,56
4294967278,384
4294967279,56
4294967279,424
4294967278,55
4294967278,359
4294967279,55
4294967279,450
4294967278,54
4294967278,378
4294967279,54
4294967279,399
4294967278,53
4294967278,377
4294967279,53
4294967279,293
4294967278,52
4294967278,351
4294967279,52
4294967279,423
4294967278,51
4294967278,376
4294967279,51
4294967279,449
4294967278,50
4294967278,375
4294967279,50
4294967279,435
4294967278,401
4294967278,49
4294967279,49
4294967279,292
4294967278,48
4294967278,373
4294967279,48
4294967279,422
4294967278,47
4294967278,277
4294967279,47
4294967279,443
4294967278,46
4294967278,358
4294967279,46
4294967279,434
4294967278,45
4294967278,383
4294967279,45
4294967279,157
4294967278,44
4294967278,372
4294967279,44
4294967279,458
4294967278,43
4294967278,391
4294967279,43
4294967279,416
4294967278,42
4294967278,350
4294967279,42
4294967279,448
4294967278,41
4294967278,289
4294967279,41
4294967279,433
4294967278,400
4294967278,40
4294967279,40
4294967279,432
4294967278,39
4294967278,370
4294967279,39
4294967279,431
4294967278,38
4294967278,349
4294967279,38
4294967279,442
4294967278,37
4294967278,357
4294967279,37
4294967279,430
4294967278,36
4294967278,382
4294967279,36
4294967279,291
4294967278,35
4294967278,348
4294967279,35
4294967279,457
4294967278,34
4294967278,393
4294967279,34
4294967279,271
4294967278,33
4294967278,347
4294967279,33
4294967279,415
4294967278,399
4294967278,32
4294967279,32
4294967279,290
4294967278,31
4294967278,344
4294967279,31
4294967279,414
4294967278,30
4294967278,387
4294967279,30
4294967279,429
4294967278,29
4294967278,386
4294967279,141
4294967278,140
4294967279,140
4294967278,139
4294967279,139
4294967278,138
4294967279,279
4294967278,276
4294967279,137
4294967278,136
4294967279,136
4294967278,135
4294967279,135
4294967278,134
4294967279,133
4294967278,133
4294967279,283
4294967278,272
4294967279,282
4294967294,25
4294967278,19
4294967278,273
4294967279,274
4294967278,270
4294967279,273
4294967278,269
4294967279,272
4294967278,268
4294967279,149
4294967278,282
4294967279,270
4294967278,266
4294967279,269
4294967278,13
4294967278,281
113,19
113,15
113,12
113,9
113,8
113,7
113,4
4294967279,287
4294967278,280
4294967279,267
4294967294,1166
110,4
4294967278,264
4294967279,266
4294967278,263
4294967279,10
4294967294,50
4294967294,490
112,4
4294967278,278
4294967279,264
4294967294,46
4294967278,261
4294967294,417
4294967294,12
4294967294,491
4294967294,81
4294967294,68
4294967294,11
4294967279,8
4294967279,285
4294967278,7
4294967278,369
4294967279,7
4294967279,439
4294967278,6
4294967278,368
4294967279,6
4294967279,261
4294967278,5
4294967278,286
4294967279,5
4294967279,275
4294967278,398
4294967278,4
4294967279,4
4294967279,281
4294967278,132
4294967278,339
4294967279,132
4294967279,428
4294967278,131
4294967278,380
4294967279,131
4294967279,257
4294967278,130
4294967278,354
4294967279,130
4294967279,427
4294967278,129
4294967278,256
4294967279,129
4294967279,315
4294967278,128
4294967278,381
4294967279,128
4294967278,127
4294967278,365
4294967279,127
4294967279,445
4294967278,126
4294967278,255
4294967279,126
4294967279,437
4294967278,125
4294967278,364
4294967279,125
4294967279,436
4294967278,124
4294967278,363
4294967279,124
4294967279,426
4294967278,123
4294967278,379
4294967279,123
4294967279,252
4294967278,122
4294967278,362
4294967279,122
4294967279,251
4294967278,121
4294967278,251
4294967279,121
4294967279,401
4294967278,120
4294967278,249
4294967279,120
4294967279,400
4294967278,119
4294967278,247
4294967279,119
4294967279,247
0,5
4294967278,397
4294967278,118
4294967279,118
4294967279,245
4294967278,117
4294967278,243
4294967279,117
4294967279,243
4294967278,116
4294967278,241
4294967279,410
4294967279,0
4294967279,116
4294967278,115
4294967278,239
4294967279,115
108,0
4294967279,451
4294967278,114
4294967278,331
4294967279,114
4294967279,239
4294967278,113
4294967278,330
4294967279,113
4294967279,398
4294967278,112
4294967278,235
4294967279,112
4294967279,235
4294967278,111
4294967278,233
4294967279,111
4294967279,233
4294967278,110
4294967278,231
4294967279,110
4294967279,231
4294967278,109
4294967278,229
4294967279,109
4294967279,229
4294967278,108
4294967278,227
4294967279,108
4294967279,227
4294967278,396
4294967278,346
4294967278,0
4294967278,107
4294967279,107
4294967279,225
4294967278,106
4294967278,223
4294967279,106
4294967279,223
4294967278,105
4294967278,221
4294967279,105
4294967279,453
4294967278,104
4294967278,219
4294967279,104
4294967279,452
4294967278,103
4294967278,217
4294967279,103
4294967279,217
4294967278,102
4294967278,215
4294967279,102
4294967279,215
4294967278,101
4294967278,329
4294967279,101
4294967279,397
4294967278,100
4294967278,328
4294967279,100
4294967279,396
4294967278,99
4294967278,327
4294967279,99
4294967279,395
4294967278,98
4294967278,326
4294967279,98
4294967279,394
4294967278,97
4294967278,325
4294967279,97
4294967279,393
4294967278,96
4294967278,324
108,1411
108,1472
108,1410
108,1407
108,1406
108,1405
108,1404
108,1403
108,1409
108,1402
108,1401
108,1400
108,1399
108,1398
108,1397
108,1396
108,1395
108,1394
108,1393
108,1392
108,1390
108,1391
108,1389
108,1388
108,1387
108,1386
108,1385
108,1384
108,1383
108,1382
108,1381
108,1380
108,1379
108,1378
108,1408
108,1377
108,1376
108,1375
108,1374
108,1373
108,1372
108,1371
108,1370
108,1369
108,1368
108,1367
108,1366
108,1365
108,1364
108,1363
108,1362
108,1361
108,1360
108,1359
108,1358
108,1357
108,1356
108,1355
108,1354
108,1353
108,1352
108,1351
108,1350
108,1349
108,1348
108,1343
108,1347
108,1342
108,1341
108,1340
108,1339
108,1338
108,1337
108,1346
108,1336
108,1335
108,1334
108,1333
108,1332
108,1330
108,1331
108,1329
108,1328
108,1327
108,1326
108,1325
108,1324
108,1323
108,1322
108,1321
108,1320
108,1319
108,1318
108,1316
108,1317
108,1315
108,1314
108,1313
108,1312
108,1311
108,1310
108,1309
108,1308
108,1307
108,1306
108,1345
108,1305
108,1304
108,1303
108,1302
108,1301
108,1300
108,1299
108,1298
108,1297
108,1296
108,1295
108,1294
108,1293
108,1292
108,1291
108,1290
108,1289
108,1288
108,1287
108,1344
108,1286
108,1285
108,1284
108,1283
108,1279
108,1278
108,1277
108,1276
108,1275
108,1274
108,1273
108,1272
108,1271
108,1270
108,1282
108,1269
108,1268
108,1281
108,1267
108,1266
108,1265
108,1264
108,1263
108,1262
108,1261
108,1260
108,1259
108,1258
108,1257
108,1256
108,1255
108,1254
108,1253
108,1252
108,1251
108,1250
108,1249
108,1248
108,1247
108,1246
108,1245
108,1244
108,1243
108,1242
108,1241
108,1240
108,1239
108,1238
108,1237
108,1236
108,1235
108,1234
108,1280
108,1233
108,1232
108,1231
108,1230
108,1229
108,1228
108,1227
108,1226
108,1225
108,1215
108,1224
108,1214
108,1223
108,1213
108,1212
108,1211
108,1222
108,1210
108,1209
108,1208
108,1207
108,1206
108,1205
108,1204
108,1203
108,1202
108,1201
108,1221
108,1200
108,1199
108,1198
108,1197
108,1196
108,1195
108,1220
108,1194
108,1193
108,1192
108,1191
108,1190
108,1189
108,1219
108,1188
108,1187
108,1186
108,1185
108,1184
108,1183
108,1182
108,1181
108,1180
108,1179
108,1178
108,1177
108,1176
108,1175
108,1174
108,1218
108,1173
108,1172
108,1171
108,1170
108,1169
108,1168
108,1167
108,1166
108,1165
108,1164
108,1163
108,1217
108,1162
108,1161
108,1160
108,1159
108,1158
108,1216
108,1157
108,1156
108,1155
108,1151
108,1150
108,1149
108,1148
108,1147
108,1146
108,1145
108,1144
108,1143
108,1142
108,1141
108,1154
108,1140
108,1139
108,1138
108,1137
108,1136
108,1135
108,1134
108,1133
108,1132
108,1131
108,1130
108,1153
108,1129
108,1128
108,1127
108,1126
108,1125
108,1124
108,1123
108,1122
108,1121
108,1120
108,1119
108,1118
108,1117
108,1116
108,1115
108,1114
108,1113
108,1112
108,1111
108,1110
108,1109
108,1108
108,1107
108,1106
108,1105
108,1104
108,1103
108,1102
108,1152
108,1101
108,1100
108,1099
108,1098
108,1097
108,1096
108,1095
108,1094
108,1087
108,1086
108,1085
108,1084
108,1083
108,1082
108,1081
108,1080
108,1079
108,1078
108,1077
108,1076
108,1093
108,1075
108,1074
108,1073
108,1072
108,1071
108,1070
108,1069
108,1092
108,1068
108,1067
108,1091
108,1066
108,1065
108,1064
108,1063
108,1090
108,1089
108,1062
108,1061
108,1060
108,1059
108,1058
108,1057
108,1056
108,1055
108,1054
108,1053
108,1052
108,1051
108,1050
108,1049
108,1048
108,1047
108,1046
108,1045
108,1044
108,1043
108,1042
108,1088
108,1041
108,1040
108,1039
108,1038
108,1037
108,1036
108,1035
108,1034
108,1033
108,1032
108,1031
108,1030
108,1029
108,1028
108,1027
108,1023
108,1022
108,1021
108,1020
108,1019
108,1018
108,1017
108,1016
108,1015
108,1026
108,1014
108,1013
108,1012
108,1011
108,1010
108,1009
108,1008
108,1007
108,1006
108,1005
108,1004
108,1003
108,1002
108,1001
108,1000
108,999
108,998
108,1025
108,997
108,996
108,995
108,994
108,993
108,992
108,991
108,990
108,989
108,988
108,987
108,986
108,1024
108,985
108,984
108,983
108,982
108,981
108,980
108,979
108,978
108,977
108,976
108,975
108,974
108,973
108,972
108,971
108,970
108,969
108,968
108,967
108,966
108,959
108,958
108,957
108,956
108,955
108,954
108,953
108,952
108,951
108,950
108,949
108,948
108,947
108,946
108,945
108,944
108,943
108,942
108,941
108,940
108,939
108,938
108,965
108,937
108,936
108,935
108,934
108,933
108,932
108,964
108,931
108,930
108,929
108,963
108,928
108,962
108,927
108,926
108,925
108,924
108,923
108,922
108,921
108,920
108,919
108,918
108,917
108,916
108,961
108,960
108,915
108,914
108,913
108,912
108,911
108,910
108,909
108,908
108,907
108,906
108,905
108,904
108,903
108,902
108,901
108,900
108,899
108,898
108,895
108,894
108,893
108,892
108,891
108,890
108,889
108,888
108,887
108,886
108,885
108,884
108,883
108,882
108,881
108,880
108,879
108,878
108,877
108,876
108,875
108,874
108,873
108,872
108,871
108,870
108,869
108,868
108,897
108,867
108,866
108,865
108,864
108,863
108,862
108,861
108,860
108,859
108,858
108,857
108,856
108,855
108,854
108,853
108,852
108,851
108,850
108,849
108,848
108,847
108,846
108,896
108,845
108,844
108,843
108,842
108,841
108,831
108,830
108,829
108,828
108,827
108,826
108,825
108,824
108,823
108,822
108,840
108,821
108,820
108,839
108,819
108,818
108,817
108,816
108,815
108,814
108,813
108,812
108,811
108,810
108,809
108,808
108,838
108,837
108,807
108,806
108,805
108,804
108,803
108,802
108,801
108,800
108,799
108,836
108,798
108,797
108,835
108,796
108,795
108,794
108,793
108,792
108,791
108,790
108,789
108,788
108,787
108,786
108,834
108,785
108,784
108,783
108,833
108,782
108,781
108,780
108,779
108,778
108,777
108,776
108,832
108,775
108,774
108,773
108,772
108,767
108,766
108,765
108,764
108,763
108,771
108,762
108,761
108,760
108,759
